[[0, 0], [0, 0], [0, 0], [1, 2], [0, 0], [1, 1], [0, 2], [0, 0], [6, 8], [4, 7], [1, 1], [1, 3], [2, 4]]
[[0, 0], [0, 0], [0, 2], [3, 3], [0, 0], [1, 1], [6, 7], [0, 0], [3, 9], [3, 8], [1, 1], [0, 2], [3, 5]]
[[0, 0], [2, 2], [0, 0], [2, 2], [0, 0], [0, 1], [7, 10], [1, 1], [2, 4], [2, 7], [1, 1], [3, 3], [2, 3]]
[[1, 2], [0, 3], [0, 2], [6, 12], [1, 1], [2, 4], [4, 13], [0, 1], [3, 9], [7, 18], [0, 2], [6, 10], [6, 13]]
[[0, 0], [0, 0], [0, 0], [0, 1], [0, 0], [0, 0], [0, 1], [0, 0], [0, 0], [0, 2], [0, 0], [0, 1], [0, 1]]
[[0, 1], [0, 1], [1, 1], [2, 4], [0, 0], [1, 2], [3, 8], [1, 1], [1, 3], [5, 11], [0, 1], [5, 5], [1, 2]]
[[2, 2], [1, 7], [3, 10], [9, 13], [1, 1], [5, 8], [8, 16], [3, 3], [5, 21], [13, 39], [1, 1], [8, 14], [15, 23]]
[[0, 0], [0, 0], [0, 1], [1, 1], [0, 0], [0, 1], [0, 3], [0, 0], [0, 1], [1, 5], [0, 0], [1, 2], [1, 4]]
[[2, 8], [6, 9], [2, 4], [6, 9], [0, 0], [2, 3], [16, 21], [1, 1], [5, 10], [17, 32], [2, 2], [13, 22], [6, 11]]
[[3, 7], [5, 8], [5, 7], [11, 18], [2, 2], [6, 11], [26, 39], [4, 5], [15, 32], [36, 72], [3, 3], [19, 32], [15, 30]]
[[0, 1], [0, 1], [0, 1], [2, 2], [0, 0], [1, 1], [0, 1], [0, 0], [0, 2], [0, 3], [0, 0], [2, 2], [1, 2]]
[[2, 3], [2, 2], [0, 3], [4, 10], [1, 1], [0, 5], [6, 14], [1, 2], [9, 22], [13, 32], [0, 2], [7, 14], [5, 6]]
[[2, 4], [2, 5], [1, 3], [7, 13], [1, 1], [1, 2], [8, 23], [3, 4], [5, 11], [15, 30], [1, 2], [1, 6], [5, 10]]
[[0, 0], [0, 1], [0, 0], [0, 0], [0, 0], [0, 0], [0, 1], [0, 0], [0, 0], [0, 2], [0, 0], [0, 0], [0, 0]]
[[1, 1], [0, 0], [0, 0], [0, 0], [0, 0], [0, 0], [0, 1], [0, 0], [1, 2], [2, 3], [0, 0], [0, 0], [0, 1]]
[[0, 0], [0, 0], [0, 0], [0, 0], [0, 0], [0, 0], [0, 0], [0, 0], [0, 2], [0, 1], [0, 0], [0, 0], [0, 1]]
[[0, 0], [0, 0], [0, 0], [0, 0], [0, 0], [0, 0], [0, 0], [0, 0], [0, 0], [0, 1], [0, 0], [0, 1], [0, 0]]
[[0, 0], [0, 0], [0, 0], [0, 0], [0, 0], [0, 0], [0, 0], [0, 0], [0, 0], [0, 0], [0, 0], [0, 0], [0, 0]]
[[0, 0], [0, 0], [0, 0], [0, 0], [0, 0], [0, 0], [0, 0], [0, 0], [0, 0], [0, 0], [0, 0], [0, 0], [0, 0]]
[[1, 1], [1, 1], [0, 0], [0, 0], [0, 0], [0, 0], [1, 2], [0, 0], [1, 3], [3, 4], [0, 0], [3, 4], [0, 1]]
[[0, 0], [0, 0], [0, 0], [0, 0], [0, 0], [0, 0], [0, 0], [0, 0], [0, 0], [0, 0], [0, 0], [0, 0], [0, 0]]
[[0, 0], [1, 2], [2, 2], [0, 0], [0, 0], [0, 0], [2, 3], [0, 0], [2, 4], [3, 4], [0, 0], [2, 3], [0, 2]]
[[2, 2], [1, 3], [1, 1], [1, 1], [0, 0], [0, 0], [1, 4], [0, 0], [1, 4], [5, 10], [0, 0], [3, 8], [1, 3]]
[[0, 0], [0, 0], [0, 0], [0, 0], [0, 0], [0, 0], [0, 0], [0, 0], [0, 0], [0, 0], [0, 0], [0, 0], [0, 0]]
[[0, 0], [0, 0], [0, 0], [1, 1], [0, 0], [0, 0], [1, 4], [0, 0], [1, 3], [5, 8], [0, 0], [1, 2], [1, 2]]
[[0, 0], [1, 1], [1, 1], [0, 0], [0, 0], [0, 0], [1, 1], [0, 0], [2, 2], [2, 3], [0, 0], [1, 2], [0, 0]]
[[1, 2], [0, 1], [1, 3], [2, 4], [2, 2], [0, 1], [4, 8], [0, 0], [2, 7], [4, 8], [2, 2], [1, 3], [1, 3]]
[[1, 1], [0, 0], [4, 4], [0, 1], [0, 0], [3, 5], [7, 8], [2, 2], [2, 4], [2, 8], [2, 2], [2, 2], [3, 5]]
[[2, 3], [0, 4], [0, 0], [3, 3], [0, 1], [1, 2], [4, 10], [0, 0], [1, 1], [3, 6], [3, 3], [5, 7], [2, 6]]
[[2, 4], [1, 1], [0, 3], [3, 6], [0, 0], [3, 5], [1, 4], [2, 2], [4, 6], [3, 12], [0, 0], [3, 7], [6, 10]]
[[0, 2], [0, 0], [1, 1], [0, 0], [0, 0], [0, 1], [0, 1], [0, 0], [0, 0], [0, 0], [0, 0], [1, 1], [0, 0]]
[[1, 1], [2, 5], [1, 2], [2, 5], [1, 1], [4, 8], [7, 17], [1, 2], [3, 5], [7, 14], [3, 3], [5, 14], [3, 11]]
[[4, 8], [1, 8], [6, 10], [3, 4], [1, 1], [10, 17], [12, 24], [2, 4], [7, 10], [15, 27], [6, 8], [7, 11], [14, 22]]
[[0, 0], [0, 2], [0, 0], [0, 2], [0, 0], [1, 2], [2, 4], [0, 0], [1, 2], [1, 3], [0, 0], [3, 8], [2, 7]]
[[5, 7], [2, 4], [0, 1], [2, 6], [0, 0], [2, 5], [3, 10], [1, 2], [4, 8], [7, 11], [2, 4], [8, 10], [4, 6]]
[[4, 8], [6, 8], [3, 6], [9, 12], [0, 0], [7, 14], [12, 27], [2, 3], [4, 11], [16, 32], [4, 5], [12, 17], [23, 29]]
[[0, 2], [0, 2], [0, 3], [0, 0], [0, 0], [0, 3], [2, 8], [0, 0], [2, 4], [1, 5], [1, 2], [0, 2], [2, 7]]
[[2, 3], [0, 2], [2, 7], [4, 7], [0, 1], [9, 14], [4, 11], [5, 8], [2, 10], [5, 17], [2, 2], [2, 4], [5, 14]]
[[2, 3], [2, 5], [4, 6], [4, 10], [0, 0], [8, 11], [8, 22], [5, 7], [2, 6], [6, 29], [5, 7], [9, 14], [9, 18]]
[[0, 0], [1, 1], [0, 0], [0, 1], [0, 0], [0, 0], [1, 2], [0, 0], [0, 1], [0, 1], [0, 0], [0, 0], [0, 0]]
[[0, 1], [0, 0], [0, 1], [0, 1], [0, 0], [1, 1], [0, 1], [0, 0], [0, 1], [1, 2], [0, 0], [0, 0], [0, 0]]
[[0, 0], [1, 1], [0, 0], [0, 1], [0, 0], [0, 0], [1, 1], [0, 0], [0, 1], [0, 0], [0, 0], [0, 0], [0, 0]]
[[1, 1], [1, 1], [1, 1], [0, 0], [0, 0], [0, 0], [2, 2], [0, 0], [1, 1], [2, 2], [0, 0], [0, 0], [0, 0]]
[[0, 0], [0, 0], [0, 0], [0, 0], [0, 0], [0, 0], [0, 0], [0, 0], [0, 0], [0, 0], [0, 0], [0, 0], [0, 0]]
[[0, 0], [0, 1], [0, 0], [0, 0], [0, 0], [0, 0], [0, 2], [0, 0], [0, 0], [1, 2], [0, 0], [0, 0], [1, 1]]
[[1, 2], [1, 1], [0, 1], [0, 2], [0, 0], [2, 2], [1, 2], [1, 2], [2, 4], [3, 4], [0, 0], [0, 0], [1, 2]]
[[0, 0], [0, 0], [0, 0], [0, 0], [0, 0], [0, 0], [1, 2], [0, 0], [0, 0], [1, 2], [0, 0], [0, 0], [0, 0]]
[[1, 1], [1, 1], [1, 1], [0, 1], [0, 0], [0, 0], [2, 4], [0, 0], [1, 2], [3, 5], [0, 0], [0, 0], [1, 1]]
[[1, 1], [1, 2], [0, 0], [0, 2], [0, 0], [1, 2], [1, 4], [1, 2], [2, 5], [2, 4], [0, 0], [0, 0], [1, 2]]
[[0, 0], [0, 0], [0, 0], [0, 0], [0, 0], [0, 0], [0, 0], [0, 0], [0, 0], [0, 0], [0, 0], [0, 0], [0, 0]]
[[0, 0], [0, 0], [0, 0], [0, 0], [0, 0], [0, 0], [0, 0], [0, 0], [0, 0], [0, 0], [0, 0], [0, 0], [0, 0]]
[[0, 0], [0, 0], [0, 0], [0, 0], [0, 0], [0, 1], [1, 2], [0, 0], [0, 1], [1, 2], [0, 0], [0, 0], [0, 0]]
[[1, 2], [0, 0], [1, 2], [0, 2], [0, 0], [0, 1], [2, 3], [1, 2], [1, 1], [3, 10], [1, 1], [4, 6], [4, 6]]
[[0, 0], [0, 0], [2, 2], [1, 3], [0, 0], [2, 4], [1, 2], [0, 1], [1, 1], [4, 5], [1, 3], [0, 1], [0, 4]]
[[1, 2], [0, 2], [0, 0], [4, 4], [0, 1], [2, 4], [4, 6], [0, 0], [1, 5], [8, 14], [2, 2], [2, 5], [6, 7]]
[[2, 2], [2, 3], [0, 4], [3, 6], [0, 0], [4, 8], [6, 13], [1, 3], [2, 6], [3, 14], [4, 5], [2, 7], [1, 11]]
[[0, 0], [0, 0], [1, 1], [0, 0], [0, 0], [1, 1], [0, 1], [0, 1], [1, 1], [2, 4], [0, 0], [1, 1], [0, 0]]
[[1, 1], [2, 4], [2, 4], [4, 8], [0, 1], [6, 12], [6, 12], [0, 1], [4, 6], [10, 20], [7, 10], [3, 5], [9, 16]]
[[1, 3], [1, 2], [2, 6], [7, 13], [1, 1], [6, 12], [7, 14], [1, 1], [4, 9], [15, 27], [5, 8], [9, 17], [11, 17]]
[[1, 2], [1, 1], [0, 0], [2, 3], [1, 1], [1, 1], [0, 1], [0, 0], [0, 1], [0, 1], [1, 2], [3, 3], [2, 2]]
[[0, 1], [0, 1], [4, 5], [4, 6], [0, 1], [2, 6], [5, 9], [1, 1], [2, 4], [8, 15], [1, 2], [5, 7], [4, 6]]
[[7, 10], [1, 5], [6, 14], [11, 14], [2, 4], [10, 20], [12, 27], [1, 1], [7, 15], [22, 44], [13, 17], [8, 17], [16, 26]]
[[0, 1], [2, 3], [0, 2], [1, 5], [0, 0], [3, 10], [3, 8], [1, 2], [1, 2], [4, 17], [1, 2], [2, 8], [6, 10]]
[[2, 6], [1, 1], [3, 5], [5, 7], [0, 1], [2, 5], [8, 17], [0, 3], [2, 7], [9, 17], [6, 8], [6, 12], [12, 21]]
[[2, 6], [4, 4], [1, 7], [10, 11], [0, 0], [7, 16], [6, 17], [0, 2], [2, 6], [10, 26], [4, 10], [9, 21], [13, 26]]
[[0, 0], [0, 0], [0, 2], [0, 0], [1, 1], [0, 0], [1, 1], [0, 0], [1, 1], [2, 2], [0, 0], [1, 3], [0, 0]]
[[0, 0], [0, 0], [0, 1], [0, 0], [0, 0], [0, 0], [0, 0], [0, 0], [0, 0], [0, 1], [0, 0], [0, 2], [0, 0]]
[[2, 2], [1, 1], [1, 2], [0, 0], [0, 0], [0, 0], [0, 1], [0, 1], [2, 2], [2, 3], [0, 0], [0, 2], [0, 0]]
[[0, 0], [0, 0], [0, 0], [0, 0], [0, 0], [0, 0], [0, 0], [0, 0], [0, 0], [0, 0], [0, 0], [0, 0], [0, 0]]
[[0, 1], [0, 0], [0, 0], [0, 0], [0, 0], [0, 0], [0, 0], [0, 1], [1, 2], [0, 0], [0, 0], [0, 1], [1, 1]]
[[0, 0], [0, 0], [0, 0], [0, 0], [0, 0], [0, 0], [2, 2], [0, 2], [0, 0], [1, 1], [0, 0], [0, 2], [1, 1]]
[[0, 1], [0, 0], [1, 1], [0, 0], [0, 0], [0, 2], [0, 0], [0, 1], [1, 2], [1, 3], [0, 0], [0, 1], [1, 1]]
[[0, 0], [0, 0], [1, 1], [0, 0], [1, 1], [2, 2], [1, 1], [0, 0], [0, 0], [2, 2], [0, 0], [1, 1], [0, 0]]
[[0, 1], [0, 0], [0, 2], [0, 0], [1, 2], [0, 0], [1, 2], [0, 0], [0, 0], [1, 1], [0, 0], [1, 2], [0, 0]]
[[0, 2], [1, 1], [1, 3], [0, 0], [0, 0], [0, 1], [2, 3], [0, 2], [0, 1], [2, 4], [0, 0], [1, 4], [1, 1]]
[[0, 0], [0, 0], [0, 0], [0, 0], [0, 0], [0, 0], [0, 0], [0, 0], [0, 0], [0, 0], [0, 0], [0, 0], [0, 0]]
[[2, 3], [2, 2], [2, 2], [0, 0], [1, 1], [2, 2], [1, 1], [0, 1], [1, 2], [3, 4], [0, 0], [2, 4], [0, 0]]
[[0, 0], [0, 0], [0, 0], [0, 0], [0, 1], [0, 1], [0, 1], [0, 0], [0, 0], [0, 1], [0, 0], [0, 0], [0, 0]]
[[2, 4], [2, 3], [0, 2], [1, 7], [0, 1], [5, 12], [1, 3], [0, 1], [2, 4], [1, 6], [1, 4], [2, 7], [5, 10]]
[[1, 3], [2, 4], [1, 2], [5, 7], [0, 0], [3, 4], [5, 14], [2, 2], [0, 1], [1, 2], [6, 9], [2, 2], [6, 8]]
[[2, 2], [1, 2], [1, 2], [3, 4], [0, 0], [2, 4], [2, 5], [0, 1], [1, 1], [0, 2], [4, 5], [1, 2], [1, 4]]
[[6, 7], [2, 7], [1, 4], [1, 2], [2, 3], [7, 15], [5, 8], [2, 3], [3, 5], [3, 6], [2, 4], [4, 12], [8, 10]]
[[1, 1], [0, 0], [0, 0], [1, 3], [0, 0], [1, 3], [0, 1], [0, 0], [0, 0], [1, 2], [0, 3], [0, 1], [0, 0]]
[[7, 12], [1, 4], [2, 4], [8, 15], [2, 3], [10, 20], [8, 20], [2, 3], [2, 3], [6, 18], [11, 17], [8, 22], [11, 23]]
[[2, 3], [9, 14], [3, 5], [3, 8], [1, 1], [12, 20], [10, 20], [2, 3], [4, 8], [5, 10], [11, 20], [7, 14], [11, 16]]
[[1, 1], [0, 2], [1, 1], [1, 3], [0, 0], [1, 3], [1, 3], [0, 0], [0, 0], [2, 3], [0, 1], [1, 2], [2, 3]]
[[2, 4], [1, 1], [0, 1], [2, 5], [0, 0], [1, 3], [4, 8], [0, 0], [0, 0], [1, 3], [1, 4], [1, 1], [1, 2]]
[[5, 6], [1, 2], [2, 2], [3, 6], [1, 2], [12, 18], [5, 10], [1, 3], [2, 3], [8, 16], [5, 8], [6, 11], [11, 17]]
[[3, 4], [3, 9], [1, 5], [2, 4], [3, 3], [6, 17], [9, 20], [1, 1], [3, 4], [3, 8], [8, 16], [7, 19], [5, 10]]
[[5, 7], [0, 2], [1, 2], [8, 12], [1, 1], [14, 22], [7, 14], [1, 2], [0, 1], [5, 11], [12, 19], [1, 2], [5, 9]]
[[5, 10], [2, 8], [3, 4], [2, 10], [0, 0], [12, 23], [5, 16], [1, 3], [1, 2], [6, 17], [5, 10], [4, 9], [4, 8]]
[[0, 0], [0, 0], [0, 0], [0, 0], [0, 0], [0, 0], [0, 0], [0, 0], [0, 0], [0, 0], [0, 0], [0, 0], [0, 0]]
[[0, 0], [0, 0], [0, 0], [1, 2], [0, 0], [2, 2], [1, 2], [0, 0], [0, 0], [0, 1], [1, 2], [1, 1], [0, 0]]
[[0, 0], [0, 0], [1, 2], [2, 2], [0, 0], [1, 1], [2, 2], [0, 0], [0, 0], [1, 2], [1, 1], [0, 0], [0, 0]]
[[0, 0], [1, 2], [0, 2], [1, 2], [0, 0], [0, 0], [3, 4], [0, 0], [1, 1], [1, 4], [0, 1], [1, 2], [0, 0]]
[[0, 0], [0, 0], [0, 0], [0, 0], [0, 0], [0, 0], [0, 0], [0, 0], [0, 0], [0, 0], [0, 0], [0, 0], [0, 0]]
[[0, 0], [0, 2], [0, 1], [0, 0], [0, 0], [0, 0], [1, 2], [0, 0], [0, 1], [1, 2], [0, 0], [0, 2], [0, 0]]
[[0, 0], [1, 2], [0, 2], [1, 4], [0, 0], [1, 2], [1, 2], [1, 1], [0, 0], [2, 6], [1, 1], [2, 2], [0, 0]]
[[0, 0], [0, 0], [0, 0], [0, 0], [0, 0], [0, 0], [0, 1], [0, 0], [0, 0], [0, 0], [0, 1], [0, 0], [0, 0]]
[[0, 0], [0, 0], [0, 0], [0, 1], [0, 0], [1, 1], [0, 0], [0, 0], [0, 0], [1, 2], [0, 0], [0, 0], [0, 0]]
[[0, 0], [1, 1], [1, 2], [3, 4], [0, 0], [1, 2], [4, 6], [0, 0], [1, 2], [1, 2], [1, 3], [1, 2], [0, 0]]
[[0, 0], [1, 2], [0, 1], [1, 1], [0, 0], [0, 0], [0, 1], [1, 1], [0, 0], [2, 3], [0, 0], [1, 1], [0, 0]]
[[0, 0], [0, 1], [0, 0], [1, 2], [0, 0], [2, 2], [0, 2], [0, 0], [0, 0], [1, 2], [0, 1], [0, 0], [0, 0]]
[[0, 0], [0, 0], [0, 0], [0, 0], [0, 0], [0, 0], [0, 0], [0, 0], [0, 0], [0, 0], [0, 0], [0, 0], [0, 0]]
[[2, 4], [2, 3], [0, 0], [0, 4], [0, 0], [0, 0], [4, 8], [0, 1], [3, 6], [3, 5], [0, 0], [5, 8], [5, 5]]
[[1, 3], [1, 2], [0, 0], [2, 4], [0, 0], [0, 0], [6, 6], [0, 0], [2, 3], [3, 6], [2, 2], [1, 1], [4, 5]]
[[0, 0], [0, 0], [0, 0], [0, 1], [0, 0], [0, 0], [1, 2], [0, 1], [0, 2], [1, 3], [0, 1], [0, 1], [0, 1]]
[[4, 4], [2, 4], [1, 1], [0, 0], [0, 2], [2, 3], [4, 8], [1, 4], [6, 11], [6, 12], [1, 1], [3, 8], [2, 8]]
[[0, 0], [0, 0], [0, 0], [2, 2], [0, 0], [0, 0], [0, 0], [0, 1], [1, 2], [3, 5], [0, 0], [1, 1], [1, 1]]
[[0, 0], [0, 0], [0, 0], [1, 3], [0, 0], [0, 0], [1, 3], [0, 0], [0, 2], [2, 4], [0, 0], [1, 2], [1, 2]]
[[4, 8], [0, 6], [1, 2], [4, 8], [0, 0], [2, 3], [8, 16], [2, 5], [12, 27], [11, 25], [2, 5], [7, 14], [9, 21]]
[[1, 1], [0, 0], [1, 1], [3, 4], [1, 1], [0, 0], [3, 5], [1, 2], [2, 4], [3, 6], [0, 0], [0, 1], [3, 5]]
[[3, 6], [1, 3], [2, 2], [5, 11], [1, 2], [2, 2], [15, 27], [2, 4], [7, 14], [12, 31], [2, 4], [7, 15], [5, 15]]
[[2, 5], [3, 6], [2, 3], [6, 12], [2, 5], [2, 4], [14, 25], [3, 6], [19, 31], [15, 30], [1, 3], [10, 17], [11, 23]]
[[0, 0], [0, 2], [1, 1], [0, 1], [0, 0], [0, 0], [3, 5], [0, 0], [2, 4], [2, 3], [0, 0], [1, 4], [1, 4]]
[[3, 8], [0, 1], [1, 1], [5, 8], [0, 1], [1, 2], [7, 14], [1, 1], [8, 15], [7, 17], [3, 4], [5, 10], [9, 20]]
[[0, 5], [1, 5], [1, 1], [6, 8], [0, 1], [1, 2], [12, 21], [2, 5], [10, 15], [12, 23], [3, 4], [11, 20], [9, 18]]
